x	y	time	xaccel	yaccel	cumulative_time	xaccel_filtered_iir	yaccel_filtered_iir
0.000000000	0.000000000	0.040999889	0.000000000	-0.600000024	0.040999889	0.000030092	-0.600001605
0.012682637	0.012682637	0.023000002	0.280000001	-0.790000021	0.063999891	1.892090934	0.004707449
0.179981355	0.179981355	0.023000002	4.510000229	3.230000019	0.086999893	3.542239437	0.109408343
0.353845296	0.353845296	0.020999908	4.469999790	-2.710000038	0.107999801	4.656366220	-0.311329473
0.644314745	0.644314745	0.019999981	5.710000038	-1.070000052	0.127999782	4.990622662	-0.824598394
1.057953983	1.057953983	0.019999981	3.289999962	-0.449999988	0.147999763	4.521174726	-0.975738797
1.522391513	1.522391513	0.019999981	4.929999828	-1.389999986	0.167999744	3.495796289	-0.655253651
2.020307850	2.020307850	0.020999908	0.589999974	2.599999905	0.188999652	2.324268845	-0.087053963
2.657527043	2.657527043	0.023000002	2.819999933	-2.670000076	0.211999654	1.404258508	0.402255130
3.351782294	3.351782294	0.026999950	1.470000029	0.610000014	0.238999604	0.964173408	0.560798645
4.313941004	4.313941004	0.020999908	-1.429999948	3.000000000	0.259999512	0.952993584	0.308630419
5.029198666	5.029198666	0.023000002	1.620000005	-1.690000057	0.282999514	1.060805697	-0.199753209
5.944340172	5.944340172	0.023999929	3.220000029	-0.540000021	0.306999443	0.968297193	-0.663517949
6.929097898	6.929097898	0.023000002	0.490000010	-3.470000029	0.329999445	0.667561802	-0.895880176
7.805622327	7.805622327	0.023000002	-2.299999952	2.869999886	0.352999447	0.467511941	-0.962295469
8.923408130	8.923408130	0.023000002	1.490000010	-1.110000014	0.375999449	0.615246435	-0.996668381
9.869415759	9.869415759	0.019999981	2.480000019	-4.179999828	0.395999430	0.993453373	-0.963485308
10.701207370	10.701207370	0.031999826	0.449999988	1.610000014	0.427999256	1.260169108	-0.692507030
12.268030080	12.268030080	0.022000074	1.379999995	-0.709999979	0.449999330	1.208709725	-0.081622206
13.298078560	13.298078560	0.019000053	0.379999995	2.230000019	0.468999383	0.922049551	0.797668919
14.226793670	14.226793670	0.019000053	1.059999943	-0.379999995	0.487999436	0.642020623	1.697869171
15.220731680	15.220731680	0.023000002	0.850000024	1.419999957	0.510999438	0.564042722	2.230782565
16.373760630	16.373760630	0.025000095	-0.100000001	5.010000229	0.535999533	0.717024968	2.052169302
17.588530000	17.588530000	0.022000074	1.700000048	1.210000038	0.557999607	0.950890003	1.180770801
18.731054620	18.731054620	0.023000002	0.310000002	-2.099999905	0.580999609	1.022940047	0.087622370
19.930831170	19.930831170	0.023999929	1.250000000	-0.829999983	0.604999538	0.761407224	-0.666727447
21.206978960	21.206978960	0.020999908	0.949999988	0.300000012	0.625999446	0.208549282	-0.877522561
22.217426020	22.217426020	0.019999981	-1.419999957	-0.720000029	0.645999427	-0.396056541	-0.722364416
23.226373760	23.226373760	0.021999836	-1.250000000	0.479999989	0.667999263	-0.808075679	-0.437246520
24.245927710	24.245927710	0.020999908	-0.310000002	-1.480000019	0.688999171	-0.957094799	-0.125612593
25.331143360	25.331143360	0.022000074	-0.430000007	-1.649999976	0.710999245	-0.917060974	0.124491583
26.461362000	26.461362000	0.020999908	-0.899999976	2.930000067	0.731999153	-0.738073108	0.140366084
27.579832250	27.579832250	0.022000074	-1.039999962	1.659999967	0.753999227	-0.387003708	-0.175170380
28.689671630	28.689671630	0.021999836	0.100000001	-5.750000000	0.775999063	0.126910835	-0.676957739
29.821379180	29.821379180	0.036000013	1.779999971	0.930000007	0.811999076	0.626830563	-1.102397245
31.546693490	31.546693490	0.026999950	-0.879999995	0.449999988	0.838999026	0.825469497	-1.308305724
32.929243420	32.929243420	0.022000074	1.309999943	-1.830000043	0.860999100	0.545907929	-1.315731007
33.989504600	33.989504600	0.019000053	1.330000043	-4.280000210	0.879999153	-0.065790152	-1.226661214
35.041422950	35.041422950	0.021000147	-1.629999995	1.409999967	0.900999300	-0.550352151	-1.159970650
36.186752150	36.186752150	0.021000147	-1.470000029	-0.140000001	0.921999447	-0.459270374	-1.141360080
37.329354480	37.329354480	0.022000074	0.709999979	-1.940000057	0.943999521	0.237744833	-1.004974024
38.445061510	38.445061510	0.019999981	1.600000024	-1.679999948	0.963999502	1.082183446	-0.567847153
39.509415060	39.509415060	0.023000002	1.549999952	-0.129999995	0.986999504	1.512730424	0.003227859
40.767736860	40.767736860	0.023999929	2.109999895	-0.140000001	1.010999433	1.331616118	0.160947139
41.945877160	41.945877160	0.022000074	-0.810000002	3.349999905	1.032999507	0.797169953	-0.481005392
43.150860500	43.150860500	0.019999981	0.709999979	-4.090000153	1.052999488	0.307072665	-1.583872995
44.256344920	44.256344920	0.019999981	0.140000001	-2.769999981	1.072999469	0.044520945	-2.235368539
45.261755880	45.261755880	0.020999908	0.409999996	-2.789999962	1.093999377	-0.079827317	-1.763803458
46.375139340	46.375139340	0.021000147	-0.319999993	0.370000005	1.114999524	-0.228276507	-0.348419798
47.552848300	47.552848300	0.021000147	-0.949999988	3.779999971	1.135999671	-0.448814698	1.203392026
48.749556260	48.749556260	0.022000074	-0.850000024	1.039999962	1.157999745	-0.648929501	2.154960732
49.949610820	49.949610820	0.036000013	0.589999974	-0.079999998	1.193999758	-0.669669594	2.219413838
51.689581190	51.689581190	0.020999908	-0.959999979	1.639999986	1.214999666	-0.387085595	1.436370580
52.966033320	52.966033320	0.019999981	-0.680000007	2.829999924	1.234999647	0.158581703	0.043738749
54.007671520	54.007671520	0.022000074	0.680000007	-1.509999990	1.256999721	0.682570854	-1.410313006
55.250769740	55.250769740	0.021000147	1.990000010	-4.579999924	1.277999868	0.790317211	-2.125191055
56.431984140	56.431984140	0.023999929	-0.029999999	-0.660000026	1.301999797	0.308202697	-1.575729679
57.685587760	57.685587760	0.022000074	-0.409999996	-0.419999987	1.323999871	-0.499416049	-0.068318987
58.863471050	58.863471050	0.020999908	-1.830000043	1.429999948	1.344999779	-1.089112177	1.340962307
60.044029470	60.044029470	0.022000074	-0.740000010	2.539999962	1.366999853	-1.055813136	1.613911475
61.260254190	61.260254190	0.023999929	-0.270000011	1.009999990	1.390999782	-0.440507064	0.547556378
62.533877120	62.533877120	0.022000074	-0.219999999	-1.769999981	1.412999856	0.312353101	-1.061615892
63.693531280	63.693531280	0.023000002	1.370000005	-2.839999914	1.435999858	0.686167675	-2.058192519
64.937254790	64.937254790	0.022000074	0.639999986	-2.400000095	1.457999932	0.454383334	-1.829462532
66.170985440	66.170985440	0.022000074	-0.639999986	1.149999976	1.480000006	-0.188386245	-0.701420838
67.333601110	67.333601110	0.022000074	-0.560000002	-1.289999962	1.502000080	-0.820833730	0.459085920
68.529975260	68.529975260	0.023000002	-1.799999952	3.289999962	1.525000082	-1.151238069	1.010553372
69.770470640	69.770470640	0.022000074	-1.669999957	0.970000029	1.547000156	-1.215175719	0.963895872
70.987878000	70.987878000	0.034999847	0.349999994	-2.230000019	1.582000003	-1.222169741	0.726717565
72.689576700	72.689576700	0.021000147	-1.100000024	1.299999952	1.603000150	-1.219765530	0.507614266
73.916124260	73.916124260	0.021000147	-1.679999948	1.440000057	1.624000297	-0.987327061	0.085286021
75.061230650	75.061230650	0.019000053	-1.179999948	-0.790000021	1.643000350	-0.346911973	-0.778369383
76.043318170	76.043318170	0.019999981	0.219999999	-1.879999995	1.663000331	0.447412476	-1.792236097
77.198232930	77.198232930	0.022000074	2.329999924	-1.549999952	1.685000405	0.758384891	-2.163440708
78.410620260	78.410620260	0.019999981	-0.230000004	-3.619999886	1.705000386	0.104305130	-1.273178613
79.434023490	79.434023490	0.098000050	-1.340000033	0.660000026	1.803000436	-1.336015941	0.652181599
